endgames mode (margin sweep): 1000 games, 1000 captured, margins -80..40 step 1, budgets=100,200,400,800,1600, spread-matters=0, incremental=1, projections=1, threads=24, timed games=100
swept 100 games in 404.1 s single-threaded, 900 in 226.0 s on 24 threads
hasty-vs-hasty baseline: 4.139 ms/game over 100 games, single-threaded
budget-nesting skip: 310315 of 605000 solver playouts avoided

skill: solver win% minus hasty win% (first actor's seat), by margin x budget:
  margin        100        200        400        800       1600   hasty win%
     -80       +0.0       +0.0       +0.0       +0.0       +0.3        10.8
     -79       +0.0       +0.0       +0.0       +0.0       +0.2        11.0
     -78       +0.0       +0.0       +0.0       +0.0       +0.3        11.2
     -77       +0.0       +0.0       +0.0       +0.0       +0.3        11.3
     -76       +0.0       +0.0       +0.0       +0.0       +0.4        11.6
     -75       +0.0       +0.0       +0.0       +0.0       +0.5        11.7
     -74       +0.0       +0.0       +0.0       +0.0       +0.7        11.7
     -73       +0.0       +0.0       +0.0       +0.0       +0.8        11.7
     -72       +0.0       +0.0       +0.0       +0.0       +0.8        11.8
     -71       +0.0       +0.0       +0.0       +0.0       +0.8        11.8
     -70       +0.0       +0.0       +0.0       +0.0       +0.8        11.8
     -69       +0.0       +0.0       +0.0       +0.2       +0.8        11.9
     -68       +0.0       +0.0       +0.0       +0.2       +0.9        12.1
     -67       +0.0       +0.0       +0.1       +0.4       +1.1        12.2
     -66       +0.0       +0.0       +0.1       +0.4       +1.1        12.3
     -65       +0.0       +0.0       +0.2       +0.5       +1.2        12.3
     -64       +0.0       +0.0       +0.5       +0.8       +1.3        12.4
     -63       +0.0       +0.0       +0.5       +0.8       +1.6        12.4
     -62       +0.0       +0.0       +0.6       +0.8       +1.5        12.4
     -61       +0.0       +0.0       +0.8       +1.0       +1.6        12.4
     -60       +0.1       +0.1       +0.8       +1.1       +1.7        12.6
     -59       +0.2       +0.3       +1.2       +1.4       +2.1        12.6
     -58       +0.3       +0.5       +1.3       +1.4       +2.4        12.6
     -57       +0.4       +0.7       +1.5       +1.6       +2.5        12.6
     -56       +0.4       +0.8       +1.6       +1.7       +2.7        12.7
     -55       +0.4       +0.8       +1.8       +2.1       +3.0        12.8
     -54       +0.6       +1.1       +2.2       +2.9       +3.5        12.9
     -53       +0.7       +1.1       +2.3       +2.9       +3.8        13.2
     -52       +0.6       +1.1       +2.5       +3.1       +3.9        13.6
     -51       +0.6       +1.1       +2.4       +3.2       +3.9        14.0
     -50       +0.8       +1.2       +2.2       +3.4       +4.2        14.3
     -49       +0.8       +1.4       +2.4       +3.7       +4.4        14.6
     -48       +0.8       +1.3       +2.3       +3.8       +4.4        15.0
     -47       +0.7       +1.1       +2.3       +4.2       +5.0        15.6
     -46       +0.6       +1.1       +2.3       +4.4       +5.7        15.9
     -45       +0.7       +1.2       +2.5       +5.6       +6.5        16.3
     -44       +0.8       +1.3       +2.9       +6.3       +7.2        16.8
     -43       +1.0       +1.5       +3.3       +6.5       +7.5        17.2
     -42       +1.4       +2.0       +3.8       +7.1       +8.5        17.5
     -41       +1.7       +2.3       +4.0       +7.5       +8.9        18.2
     -40       +1.6       +2.5       +4.3       +8.2       +9.6        18.9
     -39       +1.8       +2.4       +4.6       +8.7      +10.2        19.4
     -38       +1.6       +2.4       +5.1       +9.6      +11.1        20.2
     -37       +2.0       +2.7       +5.8      +10.3      +12.1        20.9
     -36       +2.2       +3.0       +6.5      +11.5      +12.5        21.6
     -35       +2.5       +3.2       +6.8      +11.8      +12.7        22.4
     -34       +2.4       +3.6       +7.5      +12.4      +12.9        23.0
     -33       +2.5       +3.7       +7.7      +13.1      +13.7        23.8
     -32       +2.3       +3.5       +8.1      +13.1      +13.9        24.6
     -31       +2.5       +3.8       +8.6      +13.7      +14.3        25.6
     -30       +2.5       +4.1       +9.3      +13.7      +14.2        27.1
     -29       +2.9       +4.5       +9.6      +14.1      +14.5        28.7
     -28       +3.6       +5.5      +10.6      +14.6      +15.2        30.1
     -27       +4.5       +6.2      +11.1      +14.8      +15.7        31.4
     -26       +4.8       +6.6      +11.6      +15.2      +15.9        32.9
     -25       +5.2       +7.2      +12.2      +15.6      +15.2        34.6
     -24       +5.3       +7.7      +12.2      +15.8      +16.2        36.2
     -23       +5.2       +7.4      +12.3      +16.6      +16.8        37.7
     -22       +5.4       +8.0      +13.4      +17.9      +17.7        39.1
     -21       +5.5       +8.3      +13.9      +18.1      +17.7        40.6
     -20       +6.2       +8.9      +14.6      +18.6      +18.5        42.4
     -19       +6.5       +9.0      +14.6      +18.2      +18.8        44.6
     -18       +6.2       +9.1      +14.7      +18.3      +18.3        47.0
     -17       +6.2       +9.2      +14.8      +18.4      +17.9        49.1
     -16       +6.5       +9.8      +15.7      +18.4      +17.7        51.6
     -15       +6.0       +9.4      +15.1      +18.1      +17.6        53.9
     -14       +5.5       +9.0      +14.7      +18.1      +17.8        55.9
     -13       +5.8       +9.3      +14.8      +17.5      +17.2        58.0
     -12       +5.5       +8.6      +14.2      +16.8      +16.4        60.2
     -11       +5.4       +8.6      +14.3      +16.5      +16.1        62.0
     -10       +5.7       +8.8      +14.3      +16.1      +15.8        63.5
      -9       +5.0       +8.2      +13.8      +15.7      +15.2        65.6
      -8       +4.8       +8.1      +13.3      +14.9      +14.6        67.6
      -7       +5.0       +7.5      +12.5      +14.1      +13.7        69.5
      -6       +5.0       +7.1      +11.6      +13.2      +12.8        71.3
      -5       +4.7       +7.1      +11.1      +12.4      +12.3        72.6
      -4       +4.8       +6.9      +11.0      +12.3      +11.9        73.7
      -3       +4.6       +6.8      +10.8      +11.7      +11.2        75.0
      -2       +4.4       +6.3      +10.5      +11.4      +10.9        76.5
      -1       +4.4       +6.3      +10.1      +10.9      +10.6        78.1
       0       +4.2       +6.3       +9.9      +10.5      +10.0        79.7
       1       +3.9       +6.3       +9.4      +10.0       +9.6        80.6
       2       +3.9       +5.8       +9.1       +9.2       +9.1        81.8
       3       +3.5       +5.5       +8.7       +8.8       +8.4        83.2
       4       +3.2       +5.0       +8.1       +8.6       +8.4        84.2
       5       +3.2       +5.0       +7.7       +8.2       +7.8        85.2
       6       +3.1       +4.8       +7.0       +7.7       +7.5        86.4
       7       +3.0       +4.4       +6.7       +7.3       +7.4        87.3
       8       +2.8       +4.2       +6.3       +7.0       +7.2        87.9
       9       +2.1       +3.9       +6.2       +6.8       +6.8        88.6
      10       +2.1       +3.6       +5.8       +6.3       +6.5        89.2
      11       +2.3       +3.5       +5.7       +6.0       +6.2        89.7
      12       +2.1       +3.1       +5.3       +5.8       +5.7        90.1
      13       +2.1       +3.5       +5.4       +5.7       +5.7        90.5
      14       +2.1       +3.2       +5.0       +5.3       +5.3        91.0
      15       +2.0       +3.0       +4.5       +4.8       +5.2        91.5
      16       +1.8       +2.7       +4.0       +4.5       +4.8        92.1
      17       +1.6       +2.5       +4.0       +4.4       +4.5        92.6
      18       +1.6       +2.6       +3.9       +4.1       +4.1        93.1
      19       +1.6       +2.5       +3.6       +3.8       +4.0        93.5
      20       +1.4       +2.2       +3.3       +3.6       +3.5        93.8
      21       +1.2       +1.9       +3.0       +3.4       +3.3        94.2
      22       +0.9       +1.7       +2.9       +3.1       +3.0        94.7
      23       +0.8       +1.6       +2.9       +3.0       +3.0        94.8
      24       +0.8       +1.6       +2.8       +2.9       +3.0        95.0
      25       +0.8       +1.6       +2.8       +2.8       +2.9        95.0
      26       +0.8       +1.6       +2.8       +2.8       +2.9        95.0
      27       +0.8       +1.4       +2.6       +2.6       +2.7        95.2
      28       +0.6       +1.3       +2.4       +2.5       +2.5        95.5
      29       +0.6       +1.2       +2.2       +2.5       +2.5        95.5
      30       +0.9       +1.5       +2.3       +2.5       +2.5        95.6
      31       +0.9       +1.5       +2.2       +2.4       +2.5        95.7
      32       +0.8       +1.4       +2.0       +2.2       +2.4        96.0
      33       +0.7       +1.2       +1.9       +2.0       +2.1        96.2
      34       +0.6       +1.2       +1.8       +2.0       +2.1        96.2
      35       +0.6       +1.1       +1.8       +1.9       +2.0        96.4
      36       +0.6       +1.1       +1.6       +1.9       +1.9        96.5
      37       +0.6       +1.0       +1.6       +1.8       +1.8        96.7
      38       +0.6       +1.0       +1.6       +1.8       +1.8        96.8
      39       +0.6       +0.9       +1.6       +1.8       +1.8        96.9
      40       +0.4       +0.8       +1.4       +1.6       +1.6        97.0

cost: self-play game time as a multiple of hasty-vs-hasty, by margin x budget:
  margin        100        200        400        800       1600
     -80      1.163      1.278      1.814      4.097      7.885
     -79      1.155      1.270      1.805      4.086      7.871
     -78      1.154      1.269      1.804      4.085      7.864
     -77      1.155      1.269      1.804      4.088      7.867
     -76      1.154      1.269      1.805      4.084      7.865
     -75      1.154      1.268      1.803      4.086      7.869
     -74      1.154      1.268      1.804      4.084      7.866
     -73      1.153      1.268      1.804      4.086      7.865
     -72      1.154      1.269      1.804      4.087      7.864
     -71      1.154      1.268      1.805      4.085      7.866
     -70      1.154      1.268      1.805      4.086      7.867
     -69      1.154      1.268      1.805      4.089      7.872
     -68      1.154      1.268      1.805      4.090      7.869
     -67      1.153      1.268      1.796      4.074      7.865
     -66      1.153      1.267      1.797      4.076      7.870
     -65      1.154      1.268      1.797      4.072      7.869
     -64      1.154      1.269      1.797      4.071      7.846
     -63      1.153      1.268      1.796      4.073      7.837
     -62      1.153      1.268      1.797      4.073      7.839
     -61      1.154      1.269      1.797      4.061      7.809
     -60      1.155      1.270      1.798      4.072      7.837
     -59      1.154      1.269      1.794      4.059      7.790
     -58      1.154      1.269      1.795      4.056      7.788
     -57      1.154      1.265      1.790      4.056      7.806
     -56      1.154      1.265      1.787      4.058      7.785
     -55      1.154      1.265      1.789      4.047      7.784
     -54      1.154      1.265      1.785      4.033      7.752
     -53      1.154      1.267      1.792      4.038      7.753
     -52      1.155      1.264      1.787      4.032      7.758
     -51      1.154      1.260      1.780      4.028      7.737
     -50      1.153      1.260      1.779      4.044      7.762
     -49      1.154      1.261      1.779      4.044      7.763
     -48      1.152      1.257      1.774      4.031      7.768
     -47      1.152      1.256      1.773      4.024      7.775
     -46      1.160      1.271      1.775      3.953      7.632
     -45      1.158      1.278      1.761      3.918      7.559
     -44      1.156      1.276      1.759      3.912      7.559
     -43      1.156      1.276      1.758      3.912      7.552
     -42      1.160      1.262      1.737      3.820      7.358
     -41      1.160      1.262      1.736      3.837      7.398
     -40      1.160      1.261      1.730      3.855      7.328
     -39      1.157      1.256      1.720      3.819      7.326
     -38      1.156      1.255      1.719      3.845      7.327
     -37      1.159      1.258      1.721      3.789      7.265
     -36      1.162      1.261      1.733      3.750      7.068
     -35      1.161      1.260      1.727      3.799      7.128
     -34      1.161      1.259      1.728      3.811      7.046
     -33      1.156      1.254      1.738      3.790      7.047
     -32      1.155      1.251      1.737      3.763      6.824
     -31      1.162      1.263      1.744      3.697      6.585
     -30      1.161      1.262      1.744      3.667      6.530
     -29      1.164      1.259      1.737      3.655      6.528
     -28      1.164      1.262      1.784      3.590      6.430
     -27      1.170      1.282      1.750      3.494      6.337
     -26      1.169      1.288      1.739      3.420      6.208
     -25      1.182      1.278      1.724      3.360      6.144
     -24      1.179      1.274      1.714      3.344      6.077
     -23      1.187      1.270      1.681      3.290      6.017
     -22      1.192      1.274      1.667      3.187      5.757
     -21      1.195      1.275      1.670      3.131      5.656
     -20      1.194      1.274      1.686      3.088      5.595
     -19      1.223      1.321      1.716      3.070      5.101
     -18      1.203      1.290      1.692      3.069      5.054
     -17      1.211      1.303      1.701      3.071      4.869
     -16      1.205      1.303      1.736      3.066      4.783
     -15      1.190      1.296      1.710      3.023      4.732
     -14      1.191      1.297      1.671      3.033      4.633
     -13      1.192      1.286      1.655      2.957      4.650
     -12      1.185      1.272      1.621      2.922      4.666
     -11      1.182      1.270      1.617      2.899      4.572
     -10      1.199      1.268      1.633      2.879      4.547
      -9      1.199      1.274      1.591      2.815      4.309
      -8      1.197      1.277      1.615      2.731      4.175
      -7      1.198      1.278      1.544      2.678      4.149
      -6      1.194      1.277      1.549      2.704      4.243
      -5      1.191      1.282      1.549      2.556      3.897
      -4      1.190      1.283      1.540      2.562      3.928
      -3      1.189      1.265      1.532      2.578      3.973
      -2      1.186      1.266      1.534      2.567      3.936
      -1      1.190      1.282      1.524      2.532      3.866
       0      1.187      1.276      1.525      2.538      3.881
       1      1.187      1.273      1.522      2.606      3.963
       2      1.181      1.268      1.523      2.674      4.096
       3      1.184      1.276      1.506      2.686      4.109
       4      1.187      1.265      1.507      2.691      4.092
       5      1.186      1.269      1.522      2.694      4.074
       6      1.177      1.262      1.523      2.735      4.109
       7      1.169      1.252      1.543      2.807      4.213
       8      1.165      1.249      1.535      2.895      4.391
       9      1.168      1.244      1.542      2.906      4.436
      10      1.165      1.246      1.522      2.886      4.621
      11      1.169      1.247      1.558      2.875      4.628
      12      1.170      1.235      1.565      2.853      4.551
      13      1.167      1.246      1.552      2.900      4.649
      14      1.171      1.242      1.548      2.888      4.701
      15      1.168      1.247      1.542      2.881      4.707
      16      1.164      1.246      1.535      2.862      4.944
      17      1.165      1.249      1.545      2.854      4.917
      18      1.165      1.242      1.549      2.856      5.026
      19      1.165      1.239      1.571      2.818      4.967
      20      1.165      1.239      1.573      2.830      5.010
      21      1.162      1.237      1.569      2.858      5.078
      22      1.160      1.233      1.559      2.845      5.079
      23      1.163      1.230      1.557      2.820      5.018
      24      1.160      1.232      1.557      2.893      5.194
      25      1.159      1.231      1.556      2.890      5.193
      26      1.158      1.230      1.578      2.929      5.267
      27      1.158      1.225      1.571      2.932      5.243
      28      1.159      1.225      1.572      2.949      5.298
      29      1.158      1.225      1.554      2.932      5.391
      30      1.160      1.221      1.579      2.962      5.509
      31      1.163      1.224      1.580      2.960      5.510
      32      1.163      1.224      1.579      2.959      5.504
      33      1.160      1.228      1.583      2.961      5.505
      34      1.158      1.227      1.611      3.012      5.617
      35      1.158      1.227      1.610      3.011      5.614
      36      1.158      1.230      1.611      3.012      5.612
      37      1.160      1.232      1.615      3.015      5.610
      38      1.158      1.230      1.612      3.013      5.612
      39      1.158      1.230      1.613      3.015      5.612
      40      1.161      1.233      1.615      3.016      5.615
